0.041828 132
0.405941 1
0.152843 1
0.142682 2
0.008300 124
0.000565 132
0.448552 1
0.144090 1
0.191739 1
0.128036 1
0.640027 1
0.543953 1
0.312067 1
0.319973 1
0.167980 1
0.273173 13
0.669480 2
0.501625 132
0.307881 1
0.072593 1
0.085893 2
0.007864 154
0.000603 132
1.024939 1
0.023978 1
0.631966 1
0.040011 1
0.119935 1
1.056255 1
0.191781 1
0.118929 1
0.000076 9
0.449082 4
0.326604 2
0.086946 38
0.000083 2
2.002256 1
0.222707 2
0.035779 70
0.000111 2
0.006517 132
1.990991 1
0.256023 1
0.080132 1
0.168122 1
0.246292 2
0.000063 6
