0.049933 142
1.416451 1
0.135922 1
1.134587 2
0.008170 129
0.000696 142
4.049157 1
0.167421 1
0.256236 1
0.103866 1
0.191881 1
0.296045 1
0.616000 1
0.208165 1
0.560809 19
4.317601 2
0.483465 142
1.398209 1
0.144174 1
1.822230 2
0.007818 164
0.000581 142
2.193019 1
0.216110 1
0.311862 1
0.120240 1
0.143768 1
1.007916 1
0.232054 1
0.976720 1
0.000101 14
1.415288 4
0.454445 2
0.102203 39
1.187484 1
0.167614 1
0.678684 2
0.000363 39
0.440996 1
0.088008 1
0.302632 2
0.000160 40
0.809227 1
0.231911 1
0.326738 2
0.000159 40
0.527875 1
0.153211 1
0.238689 2
0.000160 45
0.401288 1
0.223926 1
0.246627 2
0.000212 2
0.014146 25
0.022320 142
1.636891 1
0.455913 1
0.304025 1
0.295927 1
0.710596 2
0.000063 6
