0.043822 138
1.327404 1
0.223778 1
0.222578 2
0.008454 127
0.000578 138
1.144554 1
0.448176 1
0.239789 1
0.144365 1
0.159588 1
0.231868 1
0.544050 1
0.528646 1
3.471298 1
0.248120 1
0.976544 16
3.461952 2
0.484585 138
0.596813 1
0.288014 1
0.230721 2
0.008153 160
0.000569 138
1.176594 1
0.167997 1
0.175947 1
0.103982 1
0.128432 1
0.471608 1
0.200110 1
0.391868 1
0.528498 1
0.000101 11
1.279838 4
0.318147 2
0.091316 40
0.000022 2
1.293985 1
0.510796 2
0.000375 41
0.000025 2
0.416826 1
0.278678 2
0.030728 83
0.000029 2
0.006535 138
2.612422 1
0.360041 1
0.159789 1
0.223929 1
0.110439 2
0.000076 6
